-0.57467265189271433 0.058276446110197493 -0.24074430148431775 -0.31577573601581876 0.064984890215896221 -0.38874458197189959 -0.18013033755338534 -0.67972825330107611 -0.20905599196272465 -0.88385456150056751 -0.44484555991740965 0.32011643116733629 0.063655980936717663 -0.073579337362184596 -0.27391911089008436 -0.17628715963567154 -0.30483561591090685 0.031681287285461261 -0.20650679667643426 -0.16702594357644104 -0.33801769794563902 0.048424726557040582 -0.3377767735332915 -0.88075110877710627 
-0.25468302159153955 0.022068469440917268 -0.3254833814684131 -0.5650428132741212 -0.5528483153966276 -0.26441366200872152 -0.26143004319989849 -0.34391745166805465 -0.77079415832895193 0.083081762301559864 -0.13355498602128604 -0.012572372974398395 -0.51031509343233106 -0.10406877850636605 -0.33793539613451357 -0.40971278413493362 -0.21775889224650039 -0.055648470211248142 -0.030188669768955508 0.058913695422647516 -0.24743947872367847 0.15275450298933699 -0.24307723917134857 0.38709155949262025 
-0.31326656738440661 0.11983059681267003 -0.37514266033393201 -0.50958524089134505 -0.24504563848273875 -0.35493716840203204 -0.65617704767973228 -0.3575588127888486 -0.46304559531982947 0.2022163416798097 -0.40910151768484365 -0.044673949767657699 -0.016090238134113807 -0.28996497496989021 -0.24010245715195921 -0.21197826306849826 -0.41890336703853936 -0.82937180175389735 -0.26387450332656642 0.27802285357407963 -0.2692120852190345 -0.09912586360152198 -0.4442068059495296 -0.34248388924190543 
-0.20595918843035796 0.24511128106353569 -0.29503258136570787 -0.60726207763365314 -0.059985787773757987 -0.30008433672933277 -0.35618565190810308 -0.58115679800441444 -0.40745799776605834 -0.47713419408861951 -0.19351601630264159 -0.38142737402840771 -0.16666435950107364 -0.12667457619097464 -0.19499427976490691 -0.39675564757322401 -0.20528088780902118 -0.077304070686012777 -0.17287563155167088 0.02705129411083634 -0.26876631316997812 0.034738653250810866 -0.17960420026425605 -0.80996818009274762 
-0.063181377096882943 -0.71799896156867093 -0.67194157026312717 0.053777935898134593 -0.60329293070879808 -0.18302829353992814 -0.016148770239686052 -0.74023373758350808 0.039017309740356908 -0.066321785987287121 -0.057722971683689256 -1.4159194608964991 -0.83282173022356432 -0.57550857082457574 -0.078434128463977834 0.075458498916150196 -0.048593603981755669 -0.37092806789411092 0.060802649451980557 -0.3449726861791873 -0.12497620381383516 0.3734703253323462 -0.067281248686074574 0.50986777214640677 
-0.087646720225122696 0.30722081486683467 -0.23022781181322771 -0.59230271850271177 0.14705678050792031 -0.31445884042516647 -0.12919482445150773 -0.72289912727166272 -0.81633276760659712 -0.82493980018501822 -0.11350189227073812 -1.8844813040029671 0.11899830061221663 0.0018999060470669083 -0.33942138875131328 -0.027059585322193686 -0.21602011837600196 0.11298393715732755 -0.20633145672256981 -0.7824254411995063 -0.29719302185930463 -0.0028239311873691463 -0.27324738253398417 -1.0442780919827788 
-0.26790343224568369 -0.41752183935965054 -0.36408014568710384 -0.26094088660126441 0.034534173753355525 -0.45030628404312661 -0.30942997096964131 0.095070100237475294 -0.10954306421305116 -0.27365282867605722 -0.20071178493321934 -1.2459618587898631 -0.14091716183113157 0.001819518284530589 -0.35436777790903429 -0.090487192196923083 -0.37679988162620337 0.10967467189382117 -0.78048710739523663 -0.66114257662578291 -0.31936126790981439 -0.17964342676654155 -0.40215381737943073 0.19014276469925337 
-0.40148551157539059 0.0096581038904237117 -0.33568851396118488 -0.82717466478485868 -0.10031635369067261 -0.25652162474889906 -0.35563482625160425 -0.74530818039485824 -0.21360010304154783 -0.79463504012166331 -1.0099386399647019 0.13834388106061166 0.38718550572280741 -0.6116126859383304 -0.32963662421924855 -0.10535740696941656 -0.31555775742280456 0.012621625096013714 0.12270431377814356 0.6183878605164268 -0.36788655790431968 -0.071784104516698227 -0.26668546418636208 -1.2023678085749478 
-0.31789025815913513 -0.14878184301475389 -0.20676703959354223 -0.21740493326131757 0.011686682058394827 -0.3073810003483729 -0.21397114729855463 0.13646595502677142 0.052540331750636292 -0.085477240211910679 -0.22066627401897149 -0.55229301397515718 -0.035263810238790501 -0.25605021769173203 -0.22896136909304787 -0.32490316463008906 -0.28040535073529843 -0.42818433368605535 -0.67300989499142827 -0.58386809957329411 -0.3561889813824341 -0.76033869666480347 -0.35676275409833275 -0.35841662083756037 
-0.34997169258296895 -0.15428266315985081 -0.30297980694673293 -0.40111035012556845 -0.022004748113618022 -0.36937723754560436 -0.041211639158249276 -0.68180837154403218 -0.2972399802539652 -0.037952557148294888 -0.35188939072853437 -0.14996305077304514 -0.17329806818332907 -0.15598655177989471 -0.33274559668568421 -0.072634866399620038 -0.36212134454382278 -0.10042208458062345 -0.24407443534142279 -0.39517073213788617 -0.37715985053689327 -0.40856663476801969 -0.35890204999078429 -0.41787237248826231 
-0.15236181819859035 -0.10084926826494207 -0.20954757884384301 -0.1036757929993621 -0.11961156701476418 -0.27640204306477884 0.031178484790411187 -0.68791291459419879 -0.50836064251942348 -0.13966967211641648 -0.082063874010034857 -0.83958151791654811 -0.8551327981354353 -0.33715111148110766 -0.3019690423584232 -0.1369304179799562 -0.23424631871385099 -0.17731194649305923 -0.10953958368281277 -0.7035134252860018 -0.14467207261225437 -0.20590295188313701 -0.26939292278773391 0.12350318777616201 
0.026450469918899631 -0.28448593964498636 -0.16356653784153569 -0.072767192663676317 0.24699141525385118 -0.23865566914503841 -0.69601390518878925 -0.71220307190648724 0.09048919824790666 0.4175061450642944 0.047093983898994461 -0.0026868095802134945 -0.90882576562668227 0.21170066405547869 -0.14519339753827382 -0.66273965994552309 -0.24050492453857517 -0.70399411406490575 0.044442205408796745 -0.49968281422554234 -0.17847488930154085 -0.3427582088520697 -0.22011642499733153 -1.1324131326593567 
-0.33996773851571493 0.08676861876265124 -0.24118841964856411 -0.28678708379792733 -0.16629345469071918 -0.24910514501885583 -0.1965522681367613 -0.20508486051679897 -0.18159159876839773 -0.46513738324521081 -0.25891456449821665 -0.39225386336258344 -0.22082056864810701 -0.17898633294592589 -0.29563773095318741 -0.25116188223534658 -0.33051913887459733 -0.16623004835211702 -0.63239880909706214 -0.15138895579767778 -0.25658096989352042 -0.16247504146376884 -0.31338508772048174 -0.26947898230438233 
-0.27768034988970941 0.23967939575725838 -0.05311745364628391 0.16356160337402192 0.41773328918459196 0.0063217786441885993 -0.47207110307637695 -0.73381206870845073 0.24819876682439865 -0.7701723504173823 -0.092484851900130033 0.39878519263145229 0.1501271799652012 -0.58047586163470533 0.10066168760102388 0.37408746289307815 -0.060189429665032983 0.21020085224537186 -0.010437386700269348 -0.34270001362390728 0.045996964016856927 0.36248887255197554 0.027722209564791832 -0.69878129728160465 
-0.17384010483665277 0.15927666128111406 -0.20655578765035981 -0.21825874299277578 -0.11653055610661429 -0.35899476895466681 0.0025314918310696093 0.31415460975014486 -0.68297617026472801 -0.0071033749849559805 -0.22697608604436617 -0.14391971974587572 -0.36300931664316316 -0.16986966265159592 -0.36556096332385946 -0.28240959208143829 -0.32397249721089172 -0.52318115205246207 -0.88590108878546581 -0.59755934076608419 -0.27395719947142311 -0.068090201087979099 -0.40547929995183452 0.33844783082213731 
-0.26977487105043613 -0.34290738087051276 -0.31824050674464138 -0.3868748604548729 -0.41362172543780301 -0.32673716025665139 -0.58537070932162416 0.37442762568284904 -0.32629965941473238 0.078392960816350277 -0.38087611252055492 0.077346754236981036 -0.43219107892438713 -0.41604007683485611 -0.39091656372811634 -0.63469025012017311 -0.45131352159512167 -0.72853325821967774 -0.48994024699003619 0.058611255827613166 -0.33761186666702436 -0.5352504542499581 -0.37092648279017904 0.1747251094629492 
-0.6317186271341797 0.28063524952162661 -0.39961480053685888 -0.20105550125490584 0.12002672490122644 -0.41232341796004224 -0.23926978255130232 -0.73902121604522131 -0.13675978736999342 -0.9287300098749155 -0.52798300876748039 -0.95546295211974785 -0.17444445603870232 -0.036818253417308586 -0.3712623623360698 0.00559252814673083 -0.41722804728306084 0.26584009844236717 -0.77726746021166482 0.014576579269442533 -0.38957695035102569 0.6315600248083949 -0.47620042426061293 -0.7590396940266998 
-0.22350936394090051 -0.39385974348465169 -0.15374779165809174 -0.095126769351442875 0.26773603078278979 -0.27594110392101956 -0.030947607833590001 0.21215496139810461 0.031091077052768167 -0.023570306862270761 -0.16220414400079095 -0.84872216533277978 -0.026664448679647717 -0.51931203107685797 -0.20276513320970491 0.15027701250737666 -0.26420154010873415 -0.39999420615594333 -0.14355420889527626 -0.63496593149349434 -0.24844343910295508 -0.75521207963343551 -0.20054188641234219 -0.2201367647316218 
-0.24512213727246521 0.10561565320025526 -0.32171240782564303 -0.74676162483914021 -1.0507099100860293 -0.30273212116826081 -0.81012200976882931 -0.43005170127380188 -1.1663651587545565 -0.19950318815524673 -0.27206419792550368 0.1234271864418387 -0.70902613147770355 -0.14001822083810045 -0.32533403652033621 -0.97052831524912453 -0.44208398090893547 -0.71102497804259734 -0.33264160608456961 0.58811778184102581 -0.33958251745098555 0.23025201966898159 -0.333752925672408 0.60689109726622037 
-0.3679060042201942 -0.33181225023189209 -0.6012999335453143 -0.057929476588599267 -0.92683338758732292 -0.29958960749248292 -0.51669564539254442 0.074997026935116229 -0.067939413664775516 -0.098585624123981794 -0.2400722312007757 -1.0332977900545453 -0.21338744206448135 -0.52136778828114883 -0.25704761397214959 -0.10185169257453305 -0.29152599249014532 -0.87997865871068204 -0.38694143550215504 0.57758026632251491 -0.33634829472549838 0.092910761522978613 -0.32539609048661206 0.30411076139011733 
-0.32512932028179758 -0.16525617583702251 -0.30426609380284175 -0.24684333577639539 -0.48586005152298811 -0.4235967631082051 -0.31452795258195237 0.013670418466040226 -0.30789910797604353 -0.050813756067616365 -0.27657060466264693 -0.14280529728382438 -0.7530425691885696 -0.41935458413135157 -0.31560401324441761 -0.44425091332124322 -0.37248422984804996 -0.49528599606402812 -0.22106580073879625 -0.17927889412564074 -0.37333550933348297 -0.28367535516612197 -0.3208617427497949 -0.012642171727396382 
-0.12237725942507192 -0.24916486819693118 -0.084994501464754804 -0.001637497134123742 -0.39885242763874268 -0.044677262442359332 -0.8282992539563121 0.0025955092363692217 -0.6231092267975733 -0.1930480297351059 0.011145313986640922 0.6413168242589935 -0.95708660615606433 0.3183341322155438 -0.68602236820047291 -0.48164831431396293 -0.1041125139795832 0.55547391124597945 -0.49437513169033187 -0.38042171801503177 0.02007182495270788 0.41768171784570784 0.013885209994213558 -0.51885159541223447 
-0.3102282884486704 -0.47915948034662831 -0.22239623883605159 -0.32220588789900478 -0.018095689895877058 -0.33504847032774288 -0.18558572029290485 0.14492775674653616 -0.15109734919468451 -0.12010281705183501 -0.25012320552626144 -0.72681634906771164 -0.55912375295455374 -0.34436975198036868 -0.34955564598262512 -0.29296359655423043 -0.30955873837415032 -0.10105366929419983 -0.23640492579354444 -0.91165324463322883 -0.37418470110770113 -1.0007395637467755 -0.34583589537957621 0.096853543860316971 
-0.48767093993850064 -0.83666260832020878 -0.39250764319080489 -0.18118066632827468 0.026101161323322308 -0.38840315540681852 0.035687362938739392 -0.40526906185299871 0.33011567330114189 0.043263005134715801 -0.52913774277096881 -0.1554139777826955 -0.055992105525411125 -0.84929983597499037 -0.25858815558735865 -0.15150506798298316 -0.3400379651137761 -0.59941807716633866 -0.23827500692032252 -0.62619470964448143 -0.43945621301111787 -1.3122142700221282 -0.41087960814440688 0.3615742402694147 
-0.44233267394267467 0.078847052171780466 -0.39662449567656638 -0.34226640447587603 -0.006231454808702617 -0.40033332281886497 -0.37410338063118148 -0.58364630841514564 -0.11164776722525388 -0.76485339915316586 -0.45359431295416613 -0.34125459216423043 -0.047924616578017214 -0.23283421253608422 -0.35787676552167741 -0.21053322292940313 -0.3686820000881641 -0.061214625361352124 -0.34115231107800981 -0.3233076768968377 -0.38127807296845068 0.010023070768093693 -0.35640655339253347 -0.74788870410283947 
-0.045975419847967207 -0.66568108479584542 -0.18911000631713054 0.24357359653528229 -0.30351828656057145 -0.20473469158625343 -0.82174844113554246 0.40995993537843395 0.25118684199195151 0.28475502208295722 -0.018930593401503923 0.47740421680713596 0.26812317827671278 -0.75718560280458402 -0.23851194012380886 0.27727772983858728 -0.29597110848917835 -0.79423439243776861 -0.29601119680826321 0.63062649633133339 -0.14509572928322401 -0.60886308873490413 -0.22449639196026974 -0.42498325367787437 
-0.56513833676046776 -0.46074570038474638 -0.55198670995895271 -0.074262841030119819 -0.58289007989588537 -0.33728672812273713 -0.56452203737930706 -0.89062211170000516 -0.087808831468335818 -0.88330703349417905 -0.50300168519364652 0.18704653101714325 0.10926214071918711 -0.23215039297982459 -0.32606866185550365 0.10194394634298266 -0.36974312028997663 0.32811725877276404 -0.056898057933815534 0.27741248149325537 -0.30814277962407838 0.22456087740471978 -0.30450823388109183 -0.63527566254332335 
-0.26511770254517331 -0.053284245848535527 -0.31820492806161577 -0.13045332549681449 0.10764913194829183 -0.3602883594521466 -0.023887368358243549 -0.5723103252711963 -0.29348487633461839 -0.11705893095883323 -0.18953633239103895 0.35210422581583689 -0.65836475947769213 -0.60132588504971318 -0.32090266375908305 -0.35042793155605628 -0.32411737711268579 -0.42994209699585378 -0.14642974675679787 -0.67362452460163291 -0.30907485610619523 -0.89064533780848809 -0.2955824100197279 -0.77495159519708345 
-0.35704784923687438 0.38194755179224738 -0.31670852096871094 -0.33248905273220591 0.044509184397913015 -0.37964254225423333 -0.11394271230690553 0.17180553753282474 -0.34297421105842418 -0.051211184286912258 -0.27870514010928027 -0.30849453995468679 -0.2250363471308312 -0.22973210875553843 -0.32652489950390196 -0.40662206912706544 -0.39184325420510763 -0.33734486287912929 -0.41204599276471449 -0.58199612811090029 -0.33484718718226558 -0.77642749432739222 -0.37720103569587649 -0.60516004347397423 
-0.18975274343978246 -0.3442083567575196 -0.2538831125864105 -0.61997584845500753 -0.63859560683925831 -0.42048530730129324 -0.27526977484748155 0.068552987901509974 -0.49806316116124599 -0.12407514973951961 -0.59810784921049953 0.082390071525312039 -0.087605661757073114 -0.21263758255030718 -0.3723705091207446 -0.74412053672139578 -0.48920861743471855 -0.45056166539066594 -0.025591601220134316 0.12357019329734803 -0.41074512289615184 0.16183926226779136 -0.41842916236592981 0.33548761954499812 
-0.40224049649548876 -0.61938404048705586 -0.09128221924222131 0.20256724356929781 0.21365044393445745 -0.28991767231812915 -0.13057230969927824 -0.43846606188756437 0.17462674952140814 -1.3577987063826307 -0.2101295239152596 -0.004348581709098874 0.15899668690024879 -0.72592373737779559 -0.1110046778214196 0.044401767174154887 -0.18886299589257752 0.17612154641127653 -0.23028420457217114 -1.2047868688877823 -0.32289128655710486 -1.4406131734692378 -0.19649356942081658 -0.97541274259886823 
-0.40288916430533311 -1.4494350334622192 -0.52712384419890801 -0.15536561914323554 -0.9682337510453124 -0.34196205516356654 -0.54731528448762046 0.2206603736606563 0.16070506304265081 -0.17037314359446137 -0.45605791122776357 0.71535521190957041 0.39866748081862957 -0.40773769701751006 -0.34625123553312409 -0.34315504381206302 -0.40195169202642839 -0.13780450254810653 -0.19333133581690684 0.14331226171429229 -0.41804260194851878 -1.0443186676604175 -0.240425672649902 -0.34826623105894527 
-0.14540899151295952 -0.73323677989275937 -0.32955422273247209 -0.65656962400914498 -0.78488559826677418 -0.29633388920688947 0.055078327941033456 0.045423222339702723 0.10727771909095175 0.15608545498084936 -0.24482825175989009 0.47075059943661091 0.27799497516397631 0.013270262379275149 -0.10617164947634396 -0.81137876458988856 -0.22230226638844802 -0.6972005500753552 -0.080508821588764976 -0.37685615095083452 -0.24712963646914834 -0.75713655305834715 -0.30555402159411432 0.17636228617565936 
-0.27514947704209675 -0.83912373787004968 -0.22556004948951686 -0.7650255315265253 -1.0788988317593164 -0.18231617116854734 0.32342090824661579 0.44639310538324745 -1.1764738970616382 0.0109518331172569 -0.1939608984844983 0.18410528493829609 -1.2806662720497766 -0.21753134011455105 -0.22569777680226835 -1.0288862862775408 -0.21630268653487905 -0.53422511387870242 -0.067865908689324697 -0.5196164344351335 -0.31573660446487389 -0.36676998287340246 -0.26982814307417979 0.58803612438883879 
-0.32576683878536239 -0.40705070079316436 -0.36599903073714068 -0.42279329912307184 -0.40565487992190807 -0.31340966260634429 -0.27534243830361999 -0.028072663457045909 -0.40180656665750825 -0.28420953648292657 -0.2955226651781972 -0.24611299730529224 -0.15475251211685326 -0.34209198205991809 -0.3027688052633955 -0.32738005104462053 -0.38704063072177486 -0.16138121711003614 -0.30996550802917222 -0.20870597375095395 -0.3991753807431998 -0.28374375104768662 -0.36952678745309514 -0.082150257546127994 
-0.27670790650514454 -0.27667386010125689 -0.32509456346503696 -0.30387695063943132 -0.32728279600366122 -0.38217586326980735 -0.32151062131976427 -0.26100819772876444 -0.32410167007940538 -0.27540458596118406 -0.35259744083460298 -0.20341191903993666 -0.2719543701805055 -0.2788426607854631 -0.33780687753616839 -0.29079218445474037 -0.35658352943593596 -0.32823885598790153 -0.33615883492175364 -0.249601086867383 -0.32537266326843817 -0.30043334394664639 -0.36558547502642741 -0.2426270912958228 
