-0.25527431808086293 -0.15829054574974924 -1.09731832108408 -0.171526439901526 0.25816916414298918 -0.043879283148739824 -0.16895759038145947 -0.77344228621896016 0.068785508199740678 -0.35857943476410176 -0.10976223082232402 -0.25610330111813573 -0.19621652289628999 0.48977465805525994 0.013841818930468623 -0.26766900306839869 -0.27669145012447088 0.56429041593853624 -0.27348165673990837 -0.42670713802302401 -0.37160388056683585 -0.8754786712662691 -0.51009946257089889 -0.33568329815643516 
-2.1595722638579802 -1.4570626086093486 0.4380683070130072 -0.20500569585183545 -1.4402063198935919 -2.0588936332606789 -0.8196144920459445 0.28181283681621883 0.07810858873424302 -0.15904566620028662 1.3949739099774763 -0.94617379957451542 0.069626908138604574 -0.56675688957498593 0.24157033999960251 -0.2052286660252674 -0.27009186657977313 -0.73747349688714814 -0.22762804985608326 -0.62788350883967181 -0.19754882133905724 0.04859026221379268 0.6811784518581645 -0.23657122628005375 
-1.2316076018558768 -0.38777973556618445 0.42436476393497619 -1.5666909931234609 -0.29319314166769389 -0.98462574786405876 -0.070818305362999684 -0.28675242361599734 0.27522608386711717 -0.47506314662324151 1.1355337566388664 0.86090023719595343 -1.2504391860380926 0.88612575950190209 -0.79600363052175727 -0.37893540199068892 -0.37551390314282368 -1.2932044113482468 -0.43287135251969056 0.56943331382433948 -0.42474880401354215 1.1421676404760275 0.04204376889948995 -0.37755597819918757 
-2.4128707511092458 1.3458250217103342 -2.0079263219314631 -1.2380867495340826 -1.5180685650263277 -1.4825843058180872 -0.93843259691372549 0.2525106833889339 0.24042055778409763 -0.32903943240968975 1.017433086037079 0.89259512805849306 -0.22686634485790586 -0.34558515832140047 -0.22053099837603193 -0.28106588357999185 -0.43259569106262769 0.02288293850378717 -0.28826191391245337 0.44538476775636082 -0.33099717683735524 -1.1030954491261853 0.83673138794962298 -0.26400415146808909 
0.12238197145440761 -1.5043299355566351 0.70018428079727058 0.50146205165417435 -1.039515106142441 0.25846980245425788 0.15292108255139655 0.19400020546170818 -0.92340549912638004 -0.54235031944685252 -1.8015334768052733 -0.97197587196992163 0.6647870546544965 -0.24229120207269667 1.0235291709523646 -0.46212373437580601 -0.42338729312604972 0.54046087407405552 -0.37364834795433355 -2.1879232604254333 -0.40598031139371271 0.39684511318006649 0.44531597370671794 -0.51961775033783963 
-1.5529077240362086 -1.4971938657379698 -0.84315823838673487 1.0239172476560299 -1.6924048743728028 0.58163513142358414 -1.5135405020871129 -0.18353772310344499 0.66613083100195591 -0.20997089945244479 -0.94060517063839688 0.95501091699858387 -0.20742230386774757 -1.0881913136880474 -0.75212786923128416 -0.24668751449433726 -0.23161150005792203 0.59876567958385374 -0.27384401705603639 -0.13452886342153278 -0.25896948493819744 -1.5125307923757976 0.5870929490229847 -0.25300198636818683 
0.87801489010707434 -1.2225858854705363 -1.6207536717657471 0.50990536643761952 -1.2715474287347339 -0.22205706980481973 -0.1274386137151291 0.034127375011749277 0.17078182900788277 -0.25835472108385271 -1.2068166542215242 0.6406577012647211 -0.0075472617433632906 -1.3884863585638021 0.10497352792152659 -0.23755023643379156 -0.23637177553949035 1.0130552070120933 -0.27331123345221425 -0.40180498891763822 -0.28748032618061148 0.10305073157602516 -2.2204939942333803 -0.23419368029526771 
-2.2524400570489624 0.69935053381114387 0.21750301874472719 -0.70962977642171443 1.6099185201635569 -1.7369926759821734 -0.6180207663124333 0.24663262403982888 -0.41773881969303223 -0.41143440395940062 1.1285340864347722 0.3151432797659387 0.32909901921985218 0.63775305653400083 -1.2500834379919414 -0.53847010046400845 -0.5229219392634159 -0.13429392452917319 -0.46032740583244725 -0.57106552518712994 -0.53489027379882903 -1.4145780003776534 -0.033792191365110413 -0.42305595101627014 
0.81004173115319567 0.22582043424756038 -1.8663489119183865 -1.2435854759498945 -1.1474758142517223 0.32251978328980013 -0.78244168880657761 0.35832997199145505 0.15688332335450392 -0.45781912575275746 -1.3797328868873149 0.35674113183494532 -0.07154854206032582 -1.1502473234584876 -1.472066902148385 -0.47975119827201568 -0.43631672899608109 0.1528879217208314 -0.45100332937845244 -0.48800542600890945 -0.48485348247303595 0.1271218349454013 0.52897045226279182 -0.46859659953363625 
0.44207066036950948 0.86376174550198404 1.087646851023981 -0.49083501268572338 0.83145077488999308 -1.0431975133752873 -1.2395806253714576 0.24585559599292411 0.2323834942451716 -0.54186881027960554 -1.1700099622734943 1.3137723958213294 -1.0459508936671593 0.73927284347978928 -1.3198854624148477 -0.51480043418625865 -0.44461266365292529 -0.17848453802035388 -0.43238241162427776 -1.8993370478211113 -0.51057633012176418 -1.3471359981025661 0.18491580164713745 -0.50260502513102367 
-1.5837623206792844 -1.5450302856281521 0.54848521538888062 0.029755061656071325 -1.2954900271364611 -0.11249065307541377 -0.17267029188825961 0.10386852830010056 0.27245479956855573 -0.47779826372244788 -1.9920410039069592 -1.2204681987386798 -0.95899260366627848 0.032510349253134153 -0.89668977326115451 -0.35126588385990665 -0.37176628248069093 0.59412207527703287 -0.43083989919517562 0.12984046922402792 -0.49721924614561003 0.52382122644945461 -0.043114246953735502 -0.4346389464345578 
0.81525340052020168 1.2081700941531999 -1.0584095092563657 -1.4387008091301039 -1.0713992831415666 -0.047292470813562186 -0.077340887858332083 -0.10967048906188789 0.52805339016390151 -0.42535803595351801 -1.4502208098768434 -0.24642577995145334 -1.2933167853345435 -0.48808721992129406 -0.77531639738538338 -0.39302104394874054 -0.4093884389025027 -0.073416504004682498 -0.39681462244064258 0.14497456400798642 -0.42627815598003849 0.089072798971706932 -0.53897298105858937 -0.47809677720850857 
0.60987676412808245 -0.9645964540882439 -1.9447768875721878 0.18917409124101603 0.52483474556678122 0.14803099880177784 0.30501188119144501 -1.6103013053345279 0.066635054796805954 -0.53061506095578292 0.66981814859317057 0.68129427156403022 -0.89239169036776878 -1.1549648446964134 0.49775431431731182 -0.52452225002333008 -0.49504658650036748 -0.26846823086417182 -0.65559148837117365 -1.3198205150558351 -0.61389060041126842 -0.021872803246684665 -1.7061258978018365 -0.58520028561942583 
1.0009361976330469 0.90920416301162454 -1.0808723899516015 -1.1380050676399862 -0.63972213503730069 0.76363205489532382 -0.86600384357212568 -0.9279226665345337 0.083521402966594063 -0.43340309268441918 1.6733502899644968 1.0387135734630923 -0.88441651266021593 -0.68344689588073249 -0.71309692539426806 -0.40386072594758066 -0.2840639102258124 -1.0622426064306438 -0.43253430967494128 0.62873977927684588 -0.41041841167454945 -1.2282391915884834 -1.0721278137277139 -0.44393627770686206 
0.47806878812341874 -0.70423175797488624 0.29654274968217109 0.36365917513387391 -0.6934080305501884 -0.27785168154754025 -0.3807926124064886 -1.3202854312753529 0.18904485466118984 -0.47303605930259657 -1.2023122267931621 -1.2331627543847532 -0.63601612834234589 -1.4701244076031701 1.0039704116027397 -0.48744036680213848 -0.45695635251148081 -1.3753448760725631 -0.4351366979762345 -0.025901800155571284 -0.47834188023464597 0.67578525103730891 -0.26371979290882946 -0.47433768861494802 
0.33261287831960257 0.74613215700689151 0.085568775908717351 0.61765249067862804 1.216899513431891 0.28478688699370974 0.22026905989531528 -0.96595129966939075 0.59652062360013003 -0.41229361677065424 -1.3945645312164776 -0.71411806839598369 -0.24059906352966737 -1.4409170345357705 -0.53306032524971014 -0.39546617520003774 -0.41886364301734275 -1.6301155040888609 -0.37857003912797671 -0.12117477009999668 -0.33466991989696798 0.44742530748433434 -1.2415732369752981 -0.32240256315038396 
0.52962349171463918 -1.0065089685906092 -1.2158827741581058 0.30387028159344021 0.11101439027912746 -2.0118281632635946 -0.45544413511534831 -1.1904279598932828 0.18533699689418934 -0.37250207695864718 0.83335656315459583 0.41716428154899343 0.39384936404060544 1.0374162676114147 0.62123685495687453 -0.40687557372268668 -0.33198679006899506 0.14039680782289313 -0.38693834297313706 -0.40673226385638983 -0.43731821051049058 -1.222748403689045 -1.3516208250713964 -0.33906221805037762 
0.16675703780102968 0.75840792634288623 -1.362764245085393 -1.2053024872776352 -0.7822705283609015 0.18815462108810616 -0.83356051648314933 0.20666315987330164 -0.32496849287445689 -0.28414078065960685 -1.4306112080151969 -1.0437658391238964 -0.55672208247278065 0.14442578699423883 -0.82627696792534766 -0.32082381381847547 -0.28803063721851274 0.0090251604770817343 -0.26694259402228954 -0.95227529744038841 -0.2853723584280633 0.56499811990571147 -0.19339926667905216 -0.29289473748580114 
-1.6913949317831762 -1.1622482956737239 0.06397358311501837 0.54285230323891775 -1.2684500276660817 -0.16417429991323154 0.45414124169970249 -1.2553574480995267 -0.12549882407902116 -0.63810105743172718 0.92613424970649316 1.1357345487619208 -0.50353518756053595 -0.94102292247304975 0.5494483532233051 -0.65307278586958095 -0.65630088099430783 -1.6963814503071246 -0.74521035076438435 -0.066058460640557648 -0.67774069829370565 0.18316681120545419 0.37559383553669584 -0.68652355876870408 
0.55910284356342965 -1.3945615738973298 -1.6621686863800387 -0.8512390252677593 -1.1004009550095128 -1.5055684353475112 -0.49193534175741838 0.24062695332443021 -0.072331823456189298 -0.36502662584337553 1.0023072974788776 0.69677326798506034 0.21945491585855839 -1.2632145405970905 0.37361118284818956 -0.34626067885436917 -0.28502497085269701 0.28649829090334239 -0.319627769334625 -1.764395806688662 -0.46436289376027184 0.71186134300366255 0.47610496558006332 -0.32024269145588052 
0.57465585694816679 -1.4443305324882223 0.85513276692190265 0.18196241690571294 -1.1121529629331646 0.019582655626693337 -0.51720441684886309 0.79719387364739147 -0.24344731716137247 -0.42941061079546938 -1.6302927780614318 -1.3702333187001863 -1.0452664495806396 -1.0599122513572974 0.18027074375695809 -0.35367296088168559 -0.424647828384556 -2.063077929880504 -0.44455170385592413 0.46317516839836248 -0.4534941077343137 0.26758377981817588 0.29994497283136512 -0.42725392067907675 
-0.26585407508064796 -1.3240256248192268 1.001980137641882 -0.023935246251484556 -1.297895512664234 0.40341481226918274 -0.98709022458855133 -1.9451510703934469 0.88699598666608304 -0.23313154297348779 1.0190862329777035 -1.0097313424470193 -1.0612937757810084 -0.93512968861337209 -0.098666196920618635 -0.18959163730315826 -0.23484565458204612 -1.1313492029009946 -0.29298738689062748 0.60172190889768951 -0.17548032096705879 -0.25226000246045455 -1.3416224968618573 -0.29856004986387946 
0.36345361749708782 0.19214418704581213 -1.5852840446367931 0.020531405625332348 -1.2444130032812892 0.44956646295220243 0.7385427758106301 0.10708562750702638 -2.0768710237175743 -0.36473463804587319 -1.2964588134247619 -1.5066579420587209 0.0052616932667219262 -1.7983894376722551 -1.3093904888400636 -0.35589883139191303 -0.34043217369383277 0.28119108273351656 -0.31390768346120063 0.25499576329266743 -0.33330348881185196 0.56069856812772789 0.43563046393292287 -0.37221439723072264 
0.65520894362407145 0.025232547585611581 0.91099902156878199 -0.73667447890460547 -0.74616357649401865 0.17565565941768393 -0.45258919084118254 0.33674151402448449 -2.5799546873689496 -0.45692140652040131 -1.3643855231665489 -1.6112855485386188 1.1500233463712617 -0.42361222084488181 -1.4763445482229578 -0.42866131640624233 -0.44123508223720365 0.54031970950069541 -0.45503003142289522 0.71227898958014868 -0.39955087294055663 -0.25852800187082486 0.10744069289691879 -0.40418567346561363 
0.57568973281518421 0.83889337941529452 -1.2271115338841536 0.77741499409789128 -0.19880166691029208 -0.18229813589391231 -0.26113778918876973 -1.83898558894668 -0.1712144452062713 -0.57338648516687196 0.51647484009975786 0.023168793650423312 -0.32616075014272922 -0.2467332038606328 0.75114171135678731 -0.528381387893743 -0.50681952632499117 0.10465977271533156 -0.59662961127467906 0.0068403919005776571 -0.55432865792479358 -1.4506693609110723 -1.8629772753583005 -0.55046463677145385 
-0.76616890997764964 0.70281010312318959 1.3168541199197648 -1.5376334029766634 1.2283670118716059 0.060657364135021492 0.012698801800643195 -0.38119046482920493 0.96347125682402124 -0.55128804850459834 -1.5052209076013496 -1.635771667080361 -0.7226895575009159 0.91821225634265125 -0.99960421080792028 -0.47782587593632525 -0.40179449768092595 -0.18643646550618936 -0.45193191610785388 0.37246437497333951 -0.50235124635674289 -0.61933390127558952 -1.9124792198830065 -0.47488458127683886 
0.093763861487441355 -1.1212179593598881 1.2549736396991433 -0.93056998997584894 0.42296316094319036 0.42443500355434699 -0.50467871016263877 -1.3785769975535904 -0.55838344313676236 -0.51022699298280849 0.79848759669566172 0.6124529153226792 -0.15957144637605103 1.0688797909339023 0.21194119302120551 -0.47728701004246032 -0.49247541106889853 -0.020379083826081831 -0.51328780924309703 -1.7604888979580584 -0.53497618376380285 -1.5326652763194315 -1.1098426993021275 -0.47835020726915095 
0.29406498780480617 0.7906079237799043 0.3242485821787176 -1.2246404958412387 -0.89308075877325344 -0.81469414250152583 -1.0294226064772065 0.73343866863382012 0.21544283647223297 -0.37903065732438479 -1.7101814227053302 -1.3292288156255587 -0.68176366604396044 0.92231183116511095 -1.0723947724367806 -0.42560593176015715 -0.36120310383447601 -0.26069799223342505 -0.34191564484874926 0.36505330505214773 -0.41482156994726516 -0.18028071667221152 0.38977519600921612 -0.39256824791071659 
1.047817752795883 0.75310703112107236 -1.6613327695023126 -0.36958316465243946 -1.0807136984733161 -2.4324601454235935 -1.4918611962588777 -0.13790950105851343 0.32965475655033688 -0.36067186489077036 -1.0810531211133991 -0.25397040531601095 -0.35087189716241407 -1.405336362852035 0.68552953451182963 -0.28729995922692858 -0.26979939232063849 0.32827174310614621 -0.30377271227672642 0.3089068802328257 -0.3277249220998627 0.17420410614683537 0.060650954460584328 -0.29033486019493876 
-1.5360915549747345 -0.38273326415883235 0.85437405703168157 0.47104715702288991 1.4894749750162704 -0.044242899129002186 -0.28139272693647471 -1.3788054293215524 -0.14659903748639566 -0.46759918745214052 1.0301166091820491 -0.58178994539230422 -0.88364203486942772 0.98761052985821629 0.74591113291062106 -0.43341200991155826 -0.55590948508537841 -1.2984248347241527 -0.44659249177673388 -0.1951371379714287 -0.40716777982933172 -1.3606139812788298 0.37282612973400653 -0.49063735700275252 
0.71058733003188879 0.21307851326303115 -1.3618189630234736 -0.74418375939989911 1.0315704119472122 0.4599999346704311 0.54058102978805145 -0.045362482501226646 -2.3503727139304349 -0.37895061917667466 1.2319161349017664 0.066406092805820369 -0.17551106060563434 0.020472053427732496 -1.3611586342673225 -0.44827725139537167 -0.45335651270023986 0.14644317811789712 -0.45700699708323006 -0.67722205870954544 -0.32350947987581297 -0.70443698906974772 -1.8401843193896099 -0.43715786962443021 
-1.6461467622222188 -0.36258471526313002 0.90202298214601317 -1.5070659034660261 1.0521279099795813 0.1595950559222494 0.36535747064611251 0.015764756084166054 -1.8262278949205399 -0.35953990550288906 -0.90653296049381149 -0.91365055285797492 0.041131014318867523 0.5897500785675831 -1.0422503074787655 -0.36550827362182731 -0.36483703464235873 -0.13909651289768432 -0.18500896045791573 -2.2033747898745761 -0.14501390809776704 -0.042735341706579263 0.69979245198592877 -0.18973650223673008 
0.64691297268173897 -1.6777242136276442 0.5645717267611754 1.0616454154719515 1.2957949961168778 0.22620337014805716 -0.44992326119648784 0.29164457105823349 -2.0967588335597704 -0.49004612157938188 -1.8011115801888451 -1.151328335573881 -0.38764968759692786 1.2297221642173473 -1.4367454858524136 -0.47023349353946037 -0.53228384190530809 0.13382853887273796 -0.424715397134245 0.22485117867549273 -0.47701705366491048 -0.99738856456048586 -0.52336078785444706 -0.44369675887407656 
-2.3461734312921707 -1.0813525318503368 0.38120348292012962 0.1019194673443411 -0.92780739302000714 -0.27402533143877161 0.26382814075084954 0.49231027100355873 -0.77838157954220744 -0.21721910939634559 -1.6637757246851255 -1.3363960492319733 0.26526178868749578 -0.76584572341763479 0.49753319553404957 -0.1531533024971968 -0.20082635744798777 -1.23973905466274 -0.33193735856018258 0.41853121618860861 -0.21560554104549123 0.3028048035459473 0.32139466867198574 -0.24828489794198558 
-1.180854077002252 0.081326962972198658 -0.11440692430775709 0.27239557369169348 0.82112536314868523 0.014005091345579247 0.21048415781902133 -0.65765111471767501 -1.2420395737025389 -0.35473759830770618 0.44495258890460598 -1.1075628871292778 -0.26937526333338047 -1.0675532947804387 -0.13268417062006918 -0.27842974036400375 -0.31252515693471228 -0.97190849539047885 -0.41456366942661382 -0.011900985916196751 -0.28560738925106932 0.11009268017874826 -0.166300568487567 -0.3188631825497239 
-0.3105137648511323 -0.27706449298766578 -0.35111112768431035 -0.3558628471086917 -0.25122046082807414 -0.31062571844349673 -0.37029186520854607 -0.34864427731095343 -0.34874224067085113 -0.38299959343078466 -0.28922445284070913 -0.33830980418098722 -0.40401296735664383 -0.34471384887253281 -0.35230280642585216 -0.42942601099395783 -0.42190712072845998 -0.38290777633687517 -0.40289850945027517 -0.33762859847808319 -0.41779339930679299 -0.34934922320325706 -0.32094928537035111 -0.44575849327885358 
